10
20
1
1
 32 32 32 32 32 32 32 32 32 32
 32 87 87 87 87 87 87 87 87 87
 32 87 71 71 71 71 87 71 71 87
 32 87 71 83 71 71 87 71 71 87
 32 87 71 83 87 71 87 83 83 87
 32 87 71 87 87 71 87 71 87 87
 32 87 71 87 83 71 87 71 71 87
 32 87 71 87 87 71 87 71 71 87
 32 87 71 71 71 71 71 71 71 87
 32 87 71 71 87 71 87 71 71 87
 32 87 71 87 87 71 87 71 87 87
 32 87 71 71 71 71 87 71 71 87
 32 87 87 87 87 87 87 87 87 87
 32 32 32 32 32 32 32 32 32 32
 32 32 32 32 32 32 32 32 32 32
 32 32 32 32 32 32 32 32 32 32
 32 32 32 32 32 32 32 32 32 32
 32 32 32 32 32 32 32 32 32 32
 32 32 32 32 32 32 32 32 32 32
 32 32 32 32 32 32 32 32 32 32
